27
30
31
36
39
40
42
45
48
51
53
55
58
59
63
63
68
69
72
75
77
78
80
83
85
86
87
90
93
95
97
98
101
102
103
106
108
109
111
113
115
117
118
119
122
123
124
127
128
129
131
131
134
135
136
137
139
141
142
144
145
146
147
148
149
150
153
153
154
155
156
157
159
159
162
163
163
164
167
167
168
170
169
171
173
174
175
175
176
178
178
179
180
181
181
183
184
184
184
185
187
187
188
189
190
191
191
192
193
193
194
196
196
196
198
198
197
200
200
201
201
202
202
203
204
205
205
205
207
206
207
209
208
208
209
209
211
210
211
211
212
214
213
215
213
215
215
216
216
216
217
217
219
219
219
219
220
220
220
222
222
222
222
223
222
223
223
224
224
225
226
225
225
226
227
226
227
227
227
227
229
230
228
229
230
230
231
231
231
231
231
231
231
232
232
233
234
234
234
235
234
234
235
235
234
234
236
236
235
237
236
236
237
236
238
238
237
237
237
238
238
239
240
239
240
239
240
240
240
239
239
240
240
240
241
242
242
242
243
242
243
242
243
242
242
243
244
244
244
244
243
243
243
244
244
244
244
244
245
245
244
245
246
244
244
245
246
245
245
246
245
245
246
246
246
247
245
246
247
247
247
247
248
247
248
247
247
247
247
247
248
248
248
248
248
247
247
248
247
249
248
244
242
240
240
235
234
233
232
229
227
225
224
220
220
217
215
214
212
210
208
205
205
203
200
200
199
196
195
193
192
190
189
187
186
183
183
182
181
178
177
176
175
173
172
170
169
167
166
165
165
163
163
160
160
158
158
157
155
155
152
152
151
150
149
148
147
147
145
145
144
143
142
140
140
139
138
137
136
135
134
134
132
132
131
129
128
130
129
127
125
125
125
124
123
122
122
122
121
121
120
118
118
118
116
115
116
115
114
114
113
112
112
112
111
110
109
109
109
108
108
107
106
106
106
105
105
104
104
102
103
101
102
102
101
101
99
99
99
99
99
98
97
98
97
96
96
95
94
96
94
93
93
92
92
92
92
92
92
92
90
90
91
90
90
89
90
89
89
88
88
87
88
87
87
87
85
86
85
86
86
85
85
84
84
83
84
83
84
84
82
83
82
81
82
82
81
82
82
82
82
82
81
80
80
80
79
79
80
78
79
80
79
79
78
77
78
78
78
77
76
77
77
76
76
77
76
76
75
76
75
75
76
76
76
76
74
75
74
74
74
74
74
75
74
74
74
73
73
73
74
73
73
73
73
71
73
72
71
71
72
72
71
72
71
72
71
72
71
72
72
70
71
71
70
70
71
70
70
70
70
71
69
70
70
71
70
69
70
69
70
70
70
69
69
69
68
70
69
69
68
69
68
69
69
68
68
68
68
67
69
67
68
69
68
68
69
68
67
68
67
68
67
68
68
68
67
68
67
67
68
67
66
68
67
68
68
67
68
68
67
67
67
67
66
66
67
66
66
66
65
65
66
67
66
66
67
67
65
66
66
66
67
66
66
66
66
65
66
66
66
65
66
66
66
65
66
65
65
66
65
65
65
66
64
